# # x1	 y1	 P
0.000000000000000000e+00	0.000000000000000000e+00	1.070929899999999987e-04
4.016063999999999745e-03	9.706154940000000231e-01	3.629888119999999906e-03
8.032129000000000699e-03	9.851800179999999907e-01	7.168093070000000101e-03
1.204819300000000044e-02	9.901324219999999565e-01	1.072184159000000130e-02
1.606425699999999845e-02	9.926272980000000468e-01	1.429126885000000027e-02
2.008032100000000167e-02	9.941302309999999753e-01	1.787651135999999974e-02
2.409638600000000089e-02	9.951346880000000450e-01	2.147770707999999834e-02
2.811245000000000063e-02	9.958533739999999579e-01	2.509499534000000226e-02
3.212851399999999691e-02	9.963930460000000044e-01	2.872851692000000234e-02
3.614457799999999665e-02	9.968131749999999958e-01	3.237841403000000368e-02
4.016064300000000281e-02	9.971495139999999591e-01	3.604483031000000476e-02
4.417670700000000256e-02	9.974248519999999729e-01	3.972791088999999554e-02
4.819277100000000230e-02	9.976543989999999695e-01	4.342780234000000184e-02
5.220883500000000205e-02	9.978486989999999501e-01	4.714465272000000623e-02
5.622490000000000127e-02	9.980152879999999449e-01	5.087861158999999744e-02
6.024096400000000101e-02	9.981596950000000135e-01	5.462983000999999811e-02
6.425702799999999382e-02	9.982860740000000233e-01	5.839846055000000313e-02
6.827309199999999356e-02	9.983975980000000527e-01	6.218465730000000136e-02
7.228915700000000666e-02	9.984967390000000220e-01	6.598857589999999884e-02
7.630522100000000640e-02	9.985854499999999856e-01	6.981037351999999641e-02
8.032128500000000615e-02	9.986652929999999539e-01	7.365020887999999821e-02
8.433734900000000589e-02	9.987375320000000389e-01	7.750824229000000121e-02
8.835341400000000511e-02	9.988032019999999456e-01	8.138463561000000568e-02
9.236947800000000486e-02	9.988631599999999722e-01	8.527955228000000387e-02
9.638554200000000460e-02	9.989181169999999943e-01	8.919315736999999800e-02
1.004016060000000043e-01	9.989686749999999726e-01	9.312561750000000749e-02
1.044176710000000036e-01	9.990153379999999750e-01	9.707710093000000706e-02
1.084337350000000033e-01	9.990585400000000504e-01	1.010477775300000075e-01
1.124497990000000031e-01	9.990986509999999488e-01	1.050378188000000018e-01
1.164658630000000028e-01	9.991359899999999739e-01	1.090473978600000060e-01
1.204819280000000020e-01	9.991708339999999522e-01	1.130766894800000061e-01
1.244979920000000018e-01	9.992034229999999795e-01	1.171258700500000111e-01
1.285140559999999876e-01	9.992339700000000269e-01	1.211951176599999902e-01
1.325301200000000013e-01	9.992626599999999693e-01	1.252846119900000166e-01
1.365461849999999866e-01	9.992896549999999989e-01	1.293945344500000150e-01
1.405622490000000002e-01	9.993151019999999551e-01	1.335250680600000017e-01
1.445783130000000138e-01	9.993391280000000210e-01	1.376763975299999943e-01
1.485943779999999992e-01	9.993618499999999960e-01	1.418487092500000102e-01
1.526104420000000128e-01	9.993833690000000214e-01	1.460421912800000110e-01
1.566265059999999987e-01	9.994037789999999921e-01	1.502570333300000116e-01
1.606425700000000123e-01	9.994231609999999488e-01	1.544934268300000024e-01
1.646586349999999976e-01	9.994415920000000453e-01	1.587515648700000004e-01
1.686746990000000113e-01	9.994591390000000519e-01	1.630316421900000201e-01
1.726907629999999971e-01	9.994758630000000199e-01	1.673338552499999965e-01
1.767068270000000108e-01	9.994918210000000025e-01	1.716584021600000010e-01
1.807228919999999961e-01	9.995070630000000289e-01	1.760054826999999933e-01
1.847389560000000097e-01	9.995216369999999628e-01	1.803752983299999890e-01
1.887550199999999956e-01	9.995355839999999770e-01	1.847680521500000006e-01
1.927710840000000092e-01	9.995489429999999675e-01	1.891839489500000138e-01
1.967871489999999945e-01	9.995617519999999701e-01	1.936231951300000087e-01
2.008032130000000082e-01	9.995740410000000242e-01	1.980859987599999927e-01
2.048192769999999940e-01	9.995858429999999739e-01	2.025725695300000240e-01
2.088353410000000077e-01	9.995971839999999720e-01	2.070831187500000170e-01
2.128514059999999930e-01	9.996080920000000036e-01	2.116178593500000205e-01
2.168674700000000066e-01	9.996185890000000018e-01	2.161770058499999925e-01
2.208835339999999925e-01	9.996286989999999539e-01	2.207607743400000211e-01
2.248995980000000061e-01	9.996384409999999887e-01	2.253693824999999928e-01
2.289156629999999915e-01	9.996478359999999563e-01	2.300030495400000041e-01
2.329317270000000051e-01	9.996568999999999594e-01	2.346619962100000290e-01
2.369477909999999909e-01	9.996656520000000157e-01	2.393464447499999981e-01
2.409638550000000046e-01	9.996741049999999795e-01	2.440566189200000236e-01
2.449799199999999899e-01	9.996822760000000363e-01	2.487927439100000304e-01
2.489959840000000035e-01	9.996901759999999859e-01	2.535550463600000359e-01
2.530120479999999894e-01	9.996978199999999593e-01	2.583437543100000067e-01
2.570281119999999753e-01	9.997052199999999500e-01	2.631590972000000250e-01
2.610441769999999884e-01	9.997123850000000367e-01	2.680013057900000328e-01
2.650602409999999742e-01	9.997193279999999627e-01	2.728706121600000256e-01
2.690763050000000156e-01	9.997260569999999458e-01	2.777672496800000501e-01
2.730923690000000015e-01	9.997325830000000080e-01	2.826914529300000312e-01
2.771084340000000146e-01	9.997389129999999513e-01	2.876434576999999937e-01
2.811244980000000004e-01	9.997450570000000480e-01	2.926235009400000031e-01
2.851405619999999863e-01	9.997510219999999892e-01	2.976318206899999930e-01
2.891566269999999994e-01	9.997568150000000209e-01	3.026686560499999845e-01
2.931726909999999853e-01	9.997624429999999451e-01	3.077342471200000262e-01
2.971887550000000267e-01	9.997679139999999798e-01	3.128288349600000240e-01
3.012048190000000125e-01	9.997732320000000117e-01	3.179526614999999556e-01
3.052208840000000256e-01	9.997784050000000367e-01	3.231059695299999812e-01
3.092369480000000115e-01	9.997834380000000243e-01	3.282890025699999881e-01
3.132530119999999974e-01	9.997883349999999725e-01	3.335020048600000342e-01
3.172690759999999832e-01	9.997931030000000163e-01	3.387452212700000076e-01
3.212851409999999963e-01	9.997977460000000427e-01	3.440188971900000059e-01
3.253012049999999822e-01	9.998022680000000495e-01	3.493232785200000023e-01
3.293172690000000236e-01	9.998066740000000063e-01	3.546586115300000008e-01
3.333333330000000094e-01	9.998109670000000504e-01	3.600251427900000301e-01
3.373493980000000225e-01	9.998151530000000120e-01	3.654231190800000251e-01
3.413654620000000084e-01	9.998192339999999456e-01	3.708527873199999880e-01
3.453815259999999943e-01	9.998232150000000429e-01	3.763143944099999749e-01
3.493975899999999801e-01	9.998270980000000252e-01	3.818081872000000376e-01
3.534136549999999932e-01	9.998308860000000298e-01	3.873344123200000433e-01
3.574297189999999791e-01	9.998345840000000262e-01	3.928933161100000016e-01
3.614457830000000205e-01	9.998381939999999579e-01	3.984851444399999942e-01
3.654618470000000063e-01	9.998417179999999904e-01	4.041101426900000071e-01
3.694779120000000194e-01	9.998451600000000106e-01	4.097685554899999638e-01
3.734939760000000053e-01	9.998485209999999901e-01	4.154606267100000028e-01
3.775100399999999912e-01	9.998518050000000379e-01	4.211865992200000131e-01
3.815261039999999770e-01	9.998550139999999864e-01	4.269467148200000173e-01
3.855421689999999901e-01	9.998581500000000011e-01	4.327412140100000415e-01
3.895582329999999760e-01	9.998612159999999971e-01	4.385703358999999968e-01
3.935742970000000174e-01	9.998642129999999462e-01	4.444343180299999974e-01
3.975903610000000032e-01	9.998671430000000138e-01	4.503333961400000085e-01
4.016064260000000163e-01	9.998700090000000040e-01	4.562678040800000057e-01
4.056224900000000022e-01	9.998728110000000280e-01	4.622377735500000084e-01
4.096385539999999881e-01	9.998755529999999725e-01	4.682435339600000135e-01
4.136546179999999739e-01	9.998782360000000313e-01	4.742853121700000285e-01
4.176706829999999870e-01	9.998808599999999824e-01	4.803633323600000060e-01
4.216867469999999729e-01	9.998834290000000458e-01	4.864778157299999850e-01
4.257028110000000143e-01	9.998859429999999993e-01	4.926289803400000222e-01
4.297188760000000274e-01	9.998884040000000084e-01	4.988170408400000033e-01
4.337349400000000132e-01	9.998908130000000449e-01	5.050422082500000132e-01
4.377510039999999991e-01	9.998931720000000523e-01	5.113046896999999813e-01
4.417670679999999850e-01	9.998954820000000021e-01	5.176046881600000482e-01
4.457831329999999981e-01	9.998977439999999772e-01	5.239424022099999911e-01
4.497991969999999839e-01	9.998999589999999493e-01	5.303180257100000849e-01
4.538152610000000253e-01	9.999021289999999729e-01	5.367317475500000823e-01
4.578313250000000112e-01	9.999042550000000196e-01	5.431837513599999667e-01
4.618473900000000243e-01	9.999063369999999784e-01	5.496742151700000356e-01
4.658634540000000102e-01	9.999083770000000149e-01	5.562033111099999871e-01
4.698795179999999960e-01	9.999103769999999614e-01	5.627712051000000049e-01
4.738955819999999819e-01	9.999123359999999572e-01	5.693780564800000610e-01
4.779116469999999950e-01	9.999142549999999741e-01	5.760240176599999984e-01
4.819277109999999809e-01	9.999161370000000382e-01	5.827092338400000626e-01
4.859437750000000222e-01	9.999179809999999557e-01	5.894338425199999731e-01
4.899598390000000081e-01	9.999197880000000316e-01	5.961979731800000071e-01
4.939759040000000212e-01	9.999215599999999871e-01	6.030017469099999694e-01
4.979919680000000071e-01	9.999232970000000442e-01	6.098452759399999312e-01
5.020080319999999929e-01	9.999249989999999810e-01	6.167286632799999779e-01
5.060240959999999788e-01	9.999266679999999630e-01	6.236520022700000609e-01
5.100401610000000474e-01	9.999283049999999617e-01	6.306153761100000699e-01
5.140562250000000333e-01	9.999299090000000056e-01	6.376188574600000214e-01
5.180722890000000191e-01	9.999314820000000381e-01	6.446625079200000163e-01
5.220883530000000050e-01	9.999330250000000309e-01	6.517463775899999812e-01
5.261044179999999626e-01	9.999345379999999839e-01	6.588705045499999580e-01
5.301204819999999485e-01	9.999360210000000082e-01	6.660349143800000649e-01
5.341365460000000454e-01	9.999374749999999645e-01	6.732396196000000055e-01
5.381526100000000312e-01	9.999389010000000466e-01	6.804846191800000277e-01
5.421686749999999888e-01	9.999403000000000041e-01	6.877698979699999882e-01
5.461847389999999747e-01	9.999416719999999481e-01	6.950954261799999756e-01
5.502008029999999605e-01	9.999430169999999896e-01	7.024611587300000348e-01
5.542168669999999464e-01	9.999443359999999892e-01	7.098670347500000144e-01
5.582329320000000150e-01	9.999456289999999470e-01	7.173129769099999553e-01
5.622489960000000009e-01	9.999468980000000284e-01	7.247988908200000413e-01
5.662650599999999868e-01	9.999481420000000398e-01	7.323246646400000115e-01
5.702811239999999726e-01	9.999493609999999810e-01	7.398901678700000595e-01
5.742971890000000412e-01	9.999505579999999894e-01	7.474952513199999427e-01
5.783132530000000271e-01	9.999517310000000103e-01	7.551397460900000080e-01
5.823293170000000130e-01	9.999528810000000156e-01	7.628234629999999239e-01
5.863453819999999705e-01	9.999540089999999770e-01	7.705461919000000659e-01
5.903614459999999564e-01	9.999551150000000055e-01	7.783077009300000126e-01
5.943775100000000533e-01	9.999561999999999617e-01	7.861077358600000453e-01
5.983935740000000392e-01	9.999572639999999568e-01	7.939460193099999730e-01
6.024096389999999968e-01	9.999583060000000190e-01	8.018222500399999619e-01
6.064257029999999826e-01	9.999593289999999524e-01	8.097361022000000297e-01
6.104417669999999685e-01	9.999603310000000356e-01	8.176872246100000963e-01
6.144578309999999544e-01	9.999613139999999900e-01	8.256752399100000250e-01
6.184738960000000230e-01	9.999622769999999550e-01	8.336997438300000063e-01
6.224899600000000088e-01	9.999632210000000132e-01	8.417603044100000487e-01
6.265060239999999947e-01	9.999641470000000254e-01	8.498564611900000232e-01
6.305220879999999806e-01	9.999650540000000198e-01	8.579877244000000402e-01
6.345381530000000492e-01	9.999659429999999682e-01	8.661535741500000496e-01
6.385542170000000350e-01	9.999668149999999534e-01	8.743534596499999978e-01
6.425702810000000209e-01	9.999676690000000034e-01	8.825867983299999775e-01
6.465863450000000068e-01	9.999685059999999792e-01	8.908529750300000494e-01
6.506024099999999644e-01	9.999693259999999917e-01	8.991513412499999580e-01
6.546184739999999502e-01	9.999701290000000409e-01	9.074812141600000492e-01
6.586345380000000471e-01	9.999709159999999875e-01	9.158418758999999909e-01
6.626506020000000330e-01	9.999716870000000535e-01	9.242325726900000316e-01
6.666666669999999906e-01	9.999724429999999886e-01	9.326525139800000419e-01
6.706827309999999764e-01	9.999731830000000432e-01	9.411008716600001156e-01
6.746987949999999623e-01	9.999739069999999952e-01	9.495767792000000540e-01
6.787148589999999482e-01	9.999746170000000101e-01	9.580793308700000788e-01
6.827309240000000168e-01	9.999753120000000051e-01	9.666075807700000855e-01
6.867469880000000026e-01	9.999759919999999802e-01	9.751605423500000480e-01
6.907630519999999885e-01	9.999766580000000182e-01	9.837371872300000319e-01
6.947791159999999744e-01	9.999773100000000081e-01	9.923364445200000272e-01
6.987951810000000430e-01	9.999779479999999499e-01	1.000957200270000014e+00
7.028112450000000289e-01	9.999785719999999545e-01	1.009598296420000096e+00
7.068273090000000147e-01	9.999791829999999937e-01	1.018258530210000012e+00
7.108433730000000006e-01	9.999797809999999565e-01	1.026936653440000180e+00
7.148594379999999582e-01	9.999803659999999539e-01	1.035631371640000076e+00
7.188755020000000551e-01	9.999809379999999859e-01	1.044341343569999969e+00
7.228915660000000409e-01	9.999814980000000242e-01	1.053065180429999970e+00
7.269076309999999985e-01	9.999820449999999861e-01	1.061801445340000205e+00
7.309236949999999844e-01	9.999825810000000370e-01	1.070548652640000098e+00
7.349397589999999703e-01	9.999831040000000115e-01	1.079305267300000093e+00
7.389558229999999561e-01	9.999836149999999924e-01	1.088069704540000071e+00
7.429718880000000247e-01	9.999841149999999512e-01	1.096840329199999964e+00
7.469879520000000106e-01	9.999846039999999991e-01	1.105615455359999943e+00
7.510040159999999965e-01	9.999850810000000534e-01	1.114393345899999943e+00
7.550200799999999823e-01	9.999855479999999464e-01	1.123172212129999847e+00
7.590361450000000509e-01	9.999860029999999567e-01	1.131950213480000134e+00
7.630522090000000368e-01	9.999864480000000277e-01	1.140725457390000086e+00
7.670682730000000227e-01	9.999868830000000486e-01	1.149495998849999978e+00
7.710843370000000085e-01	9.999873070000000475e-01	1.158259840440000188e+00
7.751004019999999661e-01	9.999877219999999678e-01	1.167014932220000079e+00
7.791164659999999520e-01	9.999881259999999772e-01	1.175759171729999997e+00
7.831325300000000489e-01	9.999885210000000191e-01	1.184490404030000166e+00
7.871485940000000348e-01	9.999889060000000107e-01	1.193206421910000037e+00
7.911646589999999923e-01	9.999892809999999521e-01	1.201904966040000078e+00
7.951807229999999782e-01	9.999896480000000087e-01	1.210583725360000029e+00
7.991967869999999641e-01	9.999900050000000151e-01	1.219240337430000043e+00
8.032128509999999499e-01	9.999903530000000540e-01	1.227872388980000062e+00
8.072289160000000185e-01	9.999906929999999861e-01	1.236477416490000092e+00
8.112449800000000044e-01	9.999910239999999506e-01	1.245052906950000038e+00
8.152610439999999903e-01	9.999913470000000304e-01	1.253596298650000218e+00
8.192771079999999762e-01	9.999916610000000317e-01	1.262104982209999893e+00
8.232931730000000448e-01	9.999919680000000088e-01	1.270576301530000007e+00
8.273092370000000306e-01	9.999922660000000185e-01	1.279007555249999983e+00
8.313253010000000165e-01	9.999925570000000041e-01	1.287395997980000040e+00
8.353413650000000024e-01	9.999928399999999939e-01	1.295738841909999994e+00
8.393574299999999599e-01	9.999931149999999880e-01	1.304033258539999851e+00
8.433734939999999458e-01	9.999933829999999579e-01	1.312276380620000182e+00
8.473895580000000427e-01	9.999936440000000148e-01	1.320465304240000082e+00
8.514056220000000286e-01	9.999938980000000477e-01	1.328597091270000030e+00
8.554216869999999862e-01	9.999941449999999454e-01	1.336668771890000107e+00
8.594377509999999720e-01	9.999943850000000412e-01	1.344677347550000013e+00
8.634538149999999579e-01	9.999946189999999735e-01	1.352619794109999996e+00
8.674698800000000265e-01	9.999948459999999928e-01	1.360493065390000034e+00
8.714859440000000124e-01	9.999950669999999597e-01	1.368294097109999941e+00
8.755020079999999982e-01	9.999952810000000136e-01	1.376019811229999945e+00
8.795180719999999841e-01	9.999954899999999869e-01	1.383667120759999980e+00
8.835341370000000527e-01	9.999956930000000188e-01	1.391232935219999911e+00
8.875502010000000386e-01	9.999958899999999984e-01	1.398714166640000034e+00
8.915662650000000244e-01	9.999960820000000083e-01	1.406107736460000091e+00
8.955823290000000103e-01	9.999962679999999660e-01	1.413410583119999897e+00
8.995983939999999679e-01	9.999964489999999540e-01	1.420619670959999858e+00
9.036144579999999538e-01	9.999966240000000006e-01	1.427732000190000017e+00
9.076305220000000507e-01	9.999967950000000494e-01	1.434744618440000119e+00
9.116465860000000365e-01	9.999969610000000175e-01	1.441654634179999839e+00
9.156626509999999941e-01	9.999971220000000161e-01	1.448459232450000078e+00
9.196787149999999800e-01	9.999972790000000167e-01	1.455155693380000059e+00
9.236947789999999658e-01	9.999974320000000194e-01	1.461741414250000037e+00
9.277108429999999517e-01	9.999975800000000525e-01	1.468213936199999958e+00
9.317269080000000203e-01	9.999977239999999767e-01	1.474570976680000145e+00
9.357429720000000062e-01	9.999978649999999858e-01	1.480810469519999950e+00
9.397590359999999921e-01	9.999980019999999969e-01	1.486930615190000138e+00
9.437750999999999779e-01	9.999981350000000102e-01	1.492929944530000164e+00
9.477911650000000465e-01	9.999982659999999690e-01	1.498807401240000114e+00
9.518072290000000324e-01	9.999983930000000409e-01	1.504562450260000128e+00
9.558232930000000183e-01	9.999985179999999474e-01	1.510195223550000021e+00
9.598393570000000041e-01	9.999986410000000214e-01	1.515706720409999875e+00
9.638554219999999617e-01	9.999987620000000410e-01	1.521099090380000129e+00
9.678714859999999476e-01	9.999988810000000061e-01	1.526376045380000157e+00
9.718875500000000445e-01	9.999989999999999712e-01	1.531543482460000050e+00
9.759036140000000303e-01	9.999991190000000474e-01	1.536610467770000099e+00
9.799196789999999879e-01	9.999992389999999842e-01	1.541590879690000193e+00
9.839357429999999738e-01	9.999993630000000300e-01	1.546506356930000159e+00
9.879518069999999597e-01	9.999994920000000453e-01	1.551392128649999869e+00
9.919678709999999455e-01	9.999996309999999999e-01	1.556310314670000139e+00
9.959839360000000141e-01	9.999997900000000550e-01	1.561388434359999966e+00
1.000000000000000000e+00	1.000000000000000000e+00	1.567010131850000043e+00
