# # x1	 y1	 P
0.000000000000000000e+00	0.000000000000000000e+00	1.522543999999999978e-06
3.344482000000000184e-03	9.991819349999999655e-01	1.854909182999999991e-03
6.688963000000000027e-03	9.995939080000000310e-01	3.724051759999999923e-03
1.003344500000000021e-02	9.997312959999999915e-01	5.608988383000000286e-03
1.337792600000000005e-02	9.997999950000000524e-01	7.509755671000001125e-03
1.672240800000000110e-02	9.998412129999999509e-01	9.426388731000000937e-03
2.006689000000000042e-02	9.998686869999999782e-01	1.135892113700000088e-02
2.341137100000000026e-02	9.998883069999999762e-01	1.330738489899999967e-02
2.675585299999999958e-02	9.999030180000000323e-01	1.527181044300000151e-02
3.010033399999999942e-02	9.999144559999999515e-01	1.725222658300000142e-02
3.344481600000000221e-02	9.999236040000000214e-01	1.924866050000000051e-02
3.678929799999999806e-02	9.999310850000000528e-01	2.126113771400000088e-02
4.013377900000000137e-02	9.999373169999999922e-01	2.328968206099999924e-02
4.347826099999999722e-02	9.999425870000000494e-01	2.533431567000000301e-02
4.682274200000000053e-02	9.999471020000000321e-01	2.739505893700000180e-02
5.016722400000000331e-02	9.999510120000000279e-01	2.947193049499999967e-02
5.351170599999999916e-02	9.999544320000000042e-01	3.156494722000000031e-02
5.685618700000000247e-02	9.999574469999999993e-01	3.367412416600000513e-02
6.020066899999999832e-02	9.999601259999999492e-01	3.579947456300000552e-02
6.354515099999999417e-02	9.999625199999999658e-01	3.794100979599999979e-02
6.688963200000000442e-02	9.999646739999999978e-01	4.009873937700000196e-02
7.023411400000000027e-02	9.999666200000000282e-01	4.227267092300000112e-02
7.357859499999999664e-02	9.999683889999999575e-01	4.446281013700000700e-02
7.692307700000000636e-02	9.999700019999999689e-01	4.666916078000000329e-02
8.026755900000000221e-02	9.999714790000000519e-01	4.889172465500000314e-02
8.361203999999999859e-02	9.999728369999999478e-01	5.113050158099999992e-02
8.695652199999999443e-02	9.999740879999999832e-01	5.338548937700000191e-02
9.030100300000000468e-02	9.999752459999999843e-01	5.565668383300000077e-02
9.364548500000000053e-02	9.999763200000000296e-01	5.794407869899999980e-02
9.698996699999999638e-02	9.999773189999999756e-01	6.024766565800000750e-02
1.003344480000000066e-01	9.999782499999999574e-01	6.256743430699999997e-02
1.036789300000000025e-01	9.999791199999999991e-01	6.490337213999999855e-02
1.070234109999999988e-01	9.999799350000000420e-01	6.725546452500000272e-02
1.103678929999999947e-01	9.999806989999999729e-01	6.962369468800000405e-02
1.137123750000000044e-01	9.999814169999999836e-01	7.200804369299999841e-02
1.170568560000000008e-01	9.999820940000000435e-01	7.440849042400000946e-02
1.204013379999999966e-01	9.999827310000000136e-01	7.682501156700000111e-02
1.237458190000000069e-01	9.999833339999999460e-01	7.925758159300000383e-02
1.270903009999999889e-01	9.999839040000000345e-01	8.170617273900000754e-02
1.304347829999999986e-01	9.999844439999999723e-01	8.417075499300000208e-02
1.337792640000000088e-01	9.999849560000000359e-01	8.665129607999999539e-02
1.371237459999999908e-01	9.999854419999999466e-01	8.914776144899999588e-02
1.404682270000000011e-01	9.999859039999999810e-01	9.166011422599999736e-02
1.438127090000000108e-01	9.999863439999999715e-01	9.418831525199999888e-02
1.471571909999999928e-01	9.999867639999999724e-01	9.673232303200000881e-02
1.505016720000000030e-01	9.999871639999999839e-01	9.929209373100000846e-02
1.538461540000000127e-01	9.999875459999999494e-01	1.018675811590000063e-01
1.571906349999999952e-01	9.999879109999999516e-01	1.044587367570000008e-01
1.605351170000000049e-01	9.999882599999999622e-01	1.070655095870000073e-01
1.638795989999999869e-01	9.999885939999999529e-01	1.096878463159999956e-01
1.672240799999999972e-01	9.999889140000000065e-01	1.123256912070000058e-01
1.705685620000000069e-01	9.999892219999999554e-01	1.149789861069999974e-01
1.739130429999999894e-01	9.999895159999999672e-01	1.176476704350000180e-01
1.772575249999999991e-01	9.999897989999999570e-01	1.203316811749999965e-01
1.806020070000000088e-01	9.999900710000000359e-01	1.230309528589999951e-01
1.839464879999999913e-01	9.999903329999999535e-01	1.257454175670000007e-01
1.872909700000000011e-01	9.999905839999999602e-01	1.284750049100000235e-01
1.906354520000000108e-01	9.999908269999999710e-01	1.312196420260000052e-01
1.939799329999999933e-01	9.999910600000000427e-01	1.339792535710000176e-01
1.973244150000000030e-01	9.999912850000000075e-01	1.367537617129999938e-01
2.006688960000000133e-01	9.999915019999999766e-01	1.395430860970000020e-01
2.040133779999999952e-01	9.999917109999999498e-01	1.423471439429999930e-01
2.073578600000000050e-01	9.999919130000000100e-01	1.451658498839999978e-01
2.107023409999999874e-01	9.999921090000000179e-01	1.479991160740000145e-01
2.140468229999999972e-01	9.999922970000000300e-01	1.508468521409999930e-01
2.173913040000000074e-01	9.999924799999999614e-01	1.537089651909999966e-01
2.207357859999999894e-01	9.999926559999999798e-01	1.565853598100000188e-01
2.240802679999999991e-01	9.999928270000000285e-01	1.594759380519999992e-01
2.274247490000000094e-01	9.999929920000000250e-01	1.623805994399999952e-01
2.307692309999999913e-01	9.999931520000000518e-01	1.652992409679999997e-01
2.341137120000000016e-01	9.999933069999999979e-01	1.682317570930000061e-01
2.374581940000000113e-01	9.999934579999999462e-01	1.711780397380000263e-01
2.408026759999999933e-01	9.999936040000000359e-01	1.741379782920000063e-01
2.441471570000000035e-01	9.999937450000000450e-01	1.771114596080000103e-01
2.474916390000000133e-01	9.999938819999999451e-01	1.800983680060000147e-01
2.508361199999999958e-01	9.999940149999999583e-01	1.830985852760000088e-01
2.541806019999999777e-01	9.999941449999999454e-01	1.861119906739999996e-01
2.575250840000000152e-01	9.999942699999999629e-01	1.891384609320000132e-01
2.608695650000000255e-01	9.999943919999999542e-01	1.921778702730000121e-01
2.642140470000000074e-01	9.999945110000000303e-01	1.952300903480000127e-01
2.675585280000000177e-01	9.999946259999999976e-01	1.982949903450000051e-01
2.709030099999999996e-01	9.999947380000000496e-01	2.013724369210000142e-01
2.742474919999999816e-01	9.999948469999999645e-01	2.044622942279999966e-01
2.775919729999999919e-01	9.999949529999999642e-01	2.075644239170000294e-01
2.809364549999999738e-01	9.999950560000000488e-01	2.106786851469999999e-01
2.842809359999999841e-01	9.999951569999999679e-01	2.138049345890000175e-01
2.876254180000000216e-01	9.999952549999999718e-01	2.169430264350000193e-01
2.909699000000000035e-01	9.999953499999999496e-01	2.200928124080000214e-01
2.943143810000000138e-01	9.999954429999999839e-01	2.232541417649999971e-01
2.976588629999999958e-01	9.999955329999999920e-01	2.264268613140000275e-01
3.010033440000000060e-01	9.999956209999999457e-01	2.296108154170000137e-01
3.043478259999999880e-01	9.999957069999999559e-01	2.328058460040000333e-01
3.076923080000000255e-01	9.999957910000000227e-01	2.360117925840000408e-01
3.110367889999999802e-01	9.999958730000000351e-01	2.392284922530000246e-01
3.143812710000000177e-01	9.999959529999999930e-01	2.424557797090000077e-01
3.177257529999999996e-01	9.999960300000000357e-01	2.456934872640000045e-01
3.210702340000000099e-01	9.999961059999999957e-01	2.489414448570000105e-01
3.244147159999999919e-01	9.999961800000000123e-01	2.521994800630000255e-01
3.277591970000000021e-01	9.999962519999999744e-01	2.554674181150000112e-01
3.311036789999999841e-01	9.999963229999999648e-01	2.587450818890000281e-01
3.344481610000000216e-01	9.999963920000000117e-01	2.620322920330000471e-01
3.377926419999999763e-01	9.999964590000000042e-01	2.653288667639999709e-01
3.411371240000000138e-01	9.999965250000000250e-01	2.686346220970000087e-01
3.444816050000000240e-01	9.999965889999999913e-01	2.719493717559999801e-01
3.478260870000000060e-01	9.999966519999999859e-01	2.752729272139999850e-01
3.511705689999999880e-01	9.999967130000000370e-01	2.786050977080000157e-01
3.545150499999999982e-01	9.999967730000000055e-01	2.819456902570000034e-01
3.578595319999999802e-01	9.999968320000000022e-01	2.852945096790000523e-01
3.612040129999999905e-01	9.999968890000000554e-01	2.886513586130000086e-01
3.645484949999999724e-01	9.999969459999999977e-01	2.920160375360000282e-01
3.678929770000000099e-01	9.999970000000000248e-01	2.953883447820000452e-01
3.712374580000000202e-01	9.999970540000000518e-01	2.987680765610000178e-01
3.745819400000000021e-01	9.999971060000000245e-01	3.021550269840000413e-01
3.779264210000000124e-01	9.999971579999999971e-01	3.055489880770000388e-01
3.812709029999999943e-01	9.999972080000000263e-01	3.089497498070000181e-01
3.846153849999999763e-01	9.999972569999999727e-01	3.123571001050000073e-01
3.879598659999999866e-01	9.999973049999999475e-01	3.157708248790000449e-01
3.913043480000000240e-01	9.999973530000000332e-01	3.191907080479999825e-01
3.946488289999999788e-01	9.999973989999999535e-01	3.226165315769999875e-01
3.979933110000000163e-01	9.999974440000000131e-01	3.260480754189999941e-01
4.013377929999999982e-01	9.999974879999999899e-01	3.294851176660000269e-01
4.046822740000000085e-01	9.999975319999999668e-01	3.329274344850000067e-01
4.080267559999999905e-01	9.999975740000000002e-01	3.363748001670000543e-01
4.113712370000000007e-01	9.999976160000000336e-01	3.398269871490000038e-01
4.147157189999999827e-01	9.999976560000000125e-01	3.432837660380000377e-01
4.180602010000000202e-01	9.999976959999999915e-01	3.467449056210000213e-01
4.214046819999999749e-01	9.999977359999999704e-01	3.502101729590000323e-01
4.247491640000000124e-01	9.999977740000000059e-01	3.536793333059999878e-01
4.280936450000000226e-01	9.999978109999999587e-01	3.571521502100000189e-01
4.314381270000000046e-01	9.999978480000000225e-01	3.606283855140000050e-01
4.347826089999999866e-01	9.999978840000000035e-01	3.641077993890000086e-01
4.381270899999999968e-01	9.999979199999999846e-01	3.675901503590000563e-01
4.414715719999999788e-01	9.999979549999999939e-01	3.710751953260000291e-01
4.448160540000000163e-01	9.999979890000000315e-01	3.745626896209999779e-01
4.481605350000000265e-01	9.999980219999999864e-01	3.780523869430000294e-01
4.515050170000000085e-01	9.999980550000000523e-01	3.815440395199999890e-01
4.548494980000000187e-01	9.999980870000000355e-01	3.850373980460000123e-01
4.581939800000000007e-01	9.999981190000000186e-01	3.885322117330000102e-01
4.615384619999999827e-01	9.999981500000000301e-01	3.920282283390000289e-01
4.648829429999999929e-01	9.999981799999999588e-01	3.955251941970000518e-01
4.682274249999999749e-01	9.999982099999999985e-01	3.990228542420000135e-01
4.715719059999999851e-01	9.999982389999999555e-01	4.025209520430000354e-01
4.749163880000000226e-01	9.999982680000000235e-01	4.060192298290000168e-01
4.782608700000000046e-01	9.999982960000000087e-01	4.095174285440000284e-01
4.816053510000000148e-01	9.999983230000000223e-01	4.130152877750000173e-01
4.849498329999999968e-01	9.999983510000000075e-01	4.165125459360000115e-01
4.882943140000000071e-01	9.999983770000000494e-01	4.200089402440000397e-01
4.916387959999999890e-01	9.999984029999999802e-01	4.235042065100000364e-01
4.949832780000000265e-01	9.999984290000000220e-01	4.269980797229999681e-01
4.983277589999999813e-01	9.999984539999999811e-01	4.304902935000000097e-01
5.016722409999999632e-01	9.999984790000000512e-01	4.339805804220000507e-01
5.050167220000000290e-01	9.999985030000000386e-01	4.374686719940000801e-01
5.083612039999999554e-01	9.999985270000000259e-01	4.409542986830000122e-01
5.117056859999999929e-01	9.999985510000000133e-01	4.444371899430000217e-01
5.150501669999999477e-01	9.999985740000000289e-01	4.479170742770000602e-01
5.183946489999999852e-01	9.999985959999999618e-01	4.513936791500000600e-01
5.217391300000000509e-01	9.999986189999999775e-01	4.548667311940000624e-01
5.250836119999999774e-01	9.999986410000000214e-01	4.583359561229999879e-01
5.284280940000000149e-01	9.999986619999999826e-01	4.618010787930000305e-01
5.317725749999999696e-01	9.999986830000000548e-01	4.652618232760000194e-01
5.351170570000000071e-01	9.999987040000000160e-01	4.687179127050000171e-01
5.384615379999999618e-01	9.999987240000000055e-01	4.721690695909999680e-01
5.418060199999999993e-01	9.999987439999999950e-01	4.756150156599999734e-01
5.451505020000000368e-01	9.999987639999999844e-01	4.790554719290000540e-01
5.484949829999999915e-01	9.999987830000000022e-01	4.824901587440000306e-01
5.518394650000000290e-01	9.999988020000000200e-01	4.859187957830000681e-01
5.551839459999999837e-01	9.999988210000000377e-01	4.893411021719999976e-01
5.585284280000000212e-01	9.999988389999999727e-01	4.927567963919999849e-01
5.618729099999999477e-01	9.999988570000000188e-01	4.961655963930000635e-01
5.652173910000000134e-01	9.999988749999999538e-01	4.995672196000000564e-01
5.685618730000000509e-01	9.999988920000000281e-01	5.029613829940000613e-01
5.719063549999999774e-01	9.999989099999999631e-01	5.063478029539999481e-01
5.752508360000000431e-01	9.999989270000000374e-01	5.097261955699999847e-01
5.785953179999999696e-01	9.999989430000000290e-01	5.130962764830000467e-01
5.819397990000000354e-01	9.999989590000000206e-01	5.164577609640000899e-01
5.852842809999999618e-01	9.999989750000000122e-01	5.198103639430000644e-01
5.886287629999999993e-01	9.999989910000000037e-01	5.231538000400000055e-01
5.919732439999999540e-01	9.999990069999999953e-01	5.264877835960000141e-01
5.953177259999999915e-01	9.999990220000000152e-01	5.298120287009999707e-01
5.986622069999999463e-01	9.999990370000000350e-01	5.331262492250000706e-01
6.020066889999999837e-01	9.999990520000000549e-01	5.364301588480000493e-01
6.053511710000000212e-01	9.999990659999999920e-01	5.397234711320000322e-01
6.086956519999999760e-01	9.999990810000000119e-01	5.430058993680000334e-01
6.120401340000000134e-01	9.999990949999999490e-01	5.462771569130000504e-01
6.153846149999999682e-01	9.999991089999999971e-01	5.495369569720000014e-01
6.187290970000000057e-01	9.999991219999999625e-01	5.527850127179999573e-01
6.220735790000000431e-01	9.999991360000000107e-01	5.560210373160000552e-01
6.254180599999999979e-01	9.999991489999999761e-01	5.592447439440000334e-01
6.287625420000000354e-01	9.999991620000000525e-01	5.624558458289999896e-01
6.321070229999999901e-01	9.999991740000000462e-01	5.656540562730000277e-01
6.354515050000000276e-01	9.999991870000000116e-01	5.688390887230000414e-01
6.387959869999999540e-01	9.999991990000000053e-01	5.720106566360000366e-01
6.421404680000000198e-01	9.999992119999999707e-01	5.751684737569999761e-01
6.454849499999999463e-01	9.999992239999999644e-01	5.783122539830000131e-01
6.488294310000000120e-01	9.999992349999999863e-01	5.814417114290000299e-01
6.521739130000000495e-01	9.999992469999999800e-01	5.845565604630000855e-01
6.555183949999999760e-01	9.999992580000000020e-01	5.876565157299999953e-01
6.588628760000000417e-01	9.999992699999999957e-01	5.907412921760000213e-01
6.622073579999999682e-01	9.999992810000000176e-01	5.938106051060000334e-01
6.655518390000000339e-01	9.999992920000000396e-01	5.968641701700000413e-01
6.688963209999999604e-01	9.999993019999999788e-01	5.999017034550000460e-01
6.722408029999999979e-01	9.999993130000000008e-01	6.029229213620000971e-01
6.755852839999999526e-01	9.999993230000000510e-01	6.059275408590000245e-01
6.789297659999999901e-01	9.999993329999999903e-01	6.089152793559999832e-01
6.822742469999999448e-01	9.999993440000000122e-01	6.118858547780000601e-01
6.856187289999999823e-01	9.999993529999999797e-01	6.148389855890000755e-01
6.889632110000000198e-01	9.999993630000000300e-01	6.177743908249999638e-01
6.923076919999999745e-01	9.999993729999999692e-01	6.206917901220000422e-01
6.956521740000000120e-01	9.999993820000000477e-01	6.235909037839999502e-01
6.989966560000000495e-01	9.999993919999999870e-01	6.264714526689999508e-01
7.023411370000000042e-01	9.999994009999999545e-01	6.293331584310000171e-01
7.056856190000000417e-01	9.999994100000000330e-01	6.321757434240000695e-01
7.090300999999999965e-01	9.999994190000000005e-01	6.349989307430000673e-01
7.123745820000000339e-01	9.999994279999999680e-01	6.378024442740000133e-01
7.157190639999999604e-01	9.999994359999999638e-01	6.405860087220001109e-01
7.190635450000000262e-01	9.999994450000000423e-01	6.433493496440000348e-01
7.224080269999999526e-01	9.999994530000000381e-01	6.460921935110000014e-01
7.257525080000000184e-01	9.999994610000000339e-01	6.488142676220000071e-01
7.290969899999999448e-01	9.999994700000000014e-01	6.515153003250000463e-01
7.324414719999999823e-01	9.999994779999999972e-01	6.541950209260000149e-01
7.357859530000000481e-01	9.999994859999999930e-01	6.568531597569999825e-01
7.391304349999999745e-01	9.999994930000000171e-01	6.594894482149999959e-01
7.424749160000000403e-01	9.999995010000000129e-01	6.621036187990000377e-01
7.458193979999999668e-01	9.999995090000000086e-01	6.646954051519999851e-01
7.491638800000000042e-01	9.999995160000000327e-01	6.672645421320000381e-01
7.525083609999999590e-01	9.999995229999999458e-01	6.698107657390000025e-01
7.558528429999999965e-01	9.999995310000000526e-01	6.723338133299999742e-01
7.591973239999999512e-01	9.999995379999999656e-01	6.748334235530000225e-01
7.625418059999999887e-01	9.999995449999999897e-01	6.773093364229999525e-01
7.658862880000000262e-01	9.999995520000000138e-01	6.797612933709999972e-01
7.692307689999999809e-01	9.999995579999999551e-01	6.821890373010000008e-01
7.725752510000000184e-01	9.999995649999999792e-01	6.845923126650000912e-01
7.759197319999999731e-01	9.999995720000000032e-01	6.869708654310000551e-01
7.792642140000000106e-01	9.999995779999999446e-01	6.893244432820000434e-01
7.826086960000000481e-01	9.999995849999999686e-01	6.916527955939999472e-01
7.859531770000000028e-01	9.999995910000000210e-01	6.939556735180000269e-01
7.892976590000000403e-01	9.999995969999999623e-01	6.962328300619999855e-01
7.926421399999999950e-01	9.999996039999999864e-01	6.984840201830000428e-01
7.959866220000000325e-01	9.999996100000000387e-01	7.007090007900000916e-01
7.993311039999999590e-01	9.999996159999999801e-01	7.029075309590000487e-01
8.026755850000000247e-01	9.999996220000000324e-01	7.050793719420000993e-01
8.060200669999999512e-01	9.999996270000000020e-01	7.072242872860000640e-01
8.093645480000000170e-01	9.999996330000000544e-01	7.093420429480000733e-01
8.127090300000000545e-01	9.999996389999999957e-01	7.114324074230000683e-01
8.160535119999999809e-01	9.999996439999999653e-01	7.134951518000000048e-01
8.193979930000000467e-01	9.999996500000000177e-01	7.155300500090000515e-01
8.227424749999999731e-01	9.999996549999999873e-01	7.175368788939999742e-01
8.260869570000000106e-01	9.999996610000000397e-01	7.195154183859999719e-01
8.294314379999999653e-01	9.999996660000000093e-01	7.214654516790001137e-01
8.327759200000000028e-01	9.999996709999999789e-01	7.233867654330000674e-01
8.361204009999999576e-01	9.999996759999999485e-01	7.252791499140001097e-01
8.394648829999999951e-01	9.999996810000000291e-01	7.271423993120000873e-01
8.428093650000000325e-01	9.999996859999999987e-01	7.289763119209999864e-01
8.461538459999999873e-01	9.999996909999999684e-01	7.307806904250000457e-01
8.494983280000000248e-01	9.999996960000000490e-01	7.325553421949999588e-01
8.528428089999999795e-01	9.999997010000000186e-01	7.343000795620000520e-01
8.561872910000000170e-01	9.999997059999999882e-01	7.360147202560000101e-01
8.595317730000000545e-01	9.999997109999999578e-01	7.376990877360000143e-01
8.628762540000000092e-01	9.999997149999999557e-01	7.393530116380000461e-01
8.662207360000000467e-01	9.999997200000000364e-01	7.409763282650000393e-01
8.695652170000000014e-01	9.999997240000000343e-01	7.425688810730000089e-01
8.729096990000000389e-01	9.999997290000000039e-01	7.441305213360001058e-01
8.762541809999999654e-01	9.999997330000000018e-01	7.456611087540000460e-01
8.795986620000000311e-01	9.999997379999999714e-01	7.471605122159999945e-01
8.829431439999999576e-01	9.999997419999999693e-01	7.486286105880000097e-01
8.862876250000000233e-01	9.999997459999999672e-01	7.500652937130000142e-01
8.896321069999999498e-01	9.999997499999999651e-01	7.514704634100000114e-01
8.929765889999999873e-01	9.999997539999999630e-01	7.528440346910000303e-01
8.963210700000000530e-01	9.999997590000000436e-01	7.541859370680000785e-01
8.996655519999999795e-01	9.999997630000000415e-01	7.554961161530000524e-01
9.030100330000000453e-01	9.999997670000000394e-01	7.567745353660000340e-01
9.063545149999999717e-01	9.999997710000000373e-01	7.580211779740000377e-01
9.096989970000000092e-01	9.999997750000000352e-01	7.592360493740000216e-01
9.130434779999999639e-01	9.999997790000000331e-01	7.604191798260000468e-01
9.163879600000000014e-01	9.999997819999999482e-01	7.615706275400000447e-01
9.197324409999999562e-01	9.999997859999999461e-01	7.626904822990000499e-01
9.230769229999999936e-01	9.999997900000000550e-01	7.637788697720000464e-01
9.264214050000000311e-01	9.999997940000000529e-01	7.648359565310000052e-01
9.297658859999999859e-01	9.999997980000000508e-01	7.658619560380000024e-01
9.331103680000000233e-01	9.999998020000000487e-01	7.668571358450000375e-01
9.364548489999999781e-01	9.999998049999999639e-01	7.678218262200000588e-01
9.397993310000000156e-01	9.999998089999999618e-01	7.687564306449999885e-01
9.431438130000000530e-01	9.999998129999999597e-01	7.696614387319999917e-01
9.464882940000000078e-01	9.999998169999999575e-01	7.705374421759999537e-01
9.498327760000000453e-01	9.999998209999999554e-01	7.713851547729999591e-01
9.531772579999999717e-01	9.999998239999999816e-01	7.722054378560000432e-01
9.565217390000000375e-01	9.999998279999999795e-01	7.729993330209999902e-01
9.598662209999999639e-01	9.999998319999999774e-01	7.737681050620000001e-01
9.632107020000000297e-01	9.999998369999999470e-01	7.745132992910001013e-01
9.665551839999999562e-01	9.999998409999999449e-01	7.752368199570000007e-01
9.698996659999999936e-01	9.999998450000000538e-01	7.759410404459999855e-01
9.732441469999999484e-01	9.999998500000000234e-01	7.766289634240000073e-01
9.765886289999999859e-01	9.999998549999999931e-01	7.773044633870000997e-01
9.799331100000000516e-01	9.999998610000000454e-01	7.779726737019999616e-01
9.832775919999999781e-01	9.999998669999999867e-01	7.786406475760000445e-01
9.866220740000000156e-01	9.999998749999999825e-01	7.793185945370000312e-01
9.899665549999999703e-01	9.999998839999999500e-01	7.800225094350000665e-01
9.933110370000000078e-01	9.999998970000000265e-01	7.807809503739999712e-01
9.966555179999999625e-01	9.999999189999999594e-01	7.816594111390000599e-01
1.000000000000000000e+00	1.000000000000000000e+00	7.830016504469999861e-01
