# # x1	 y1	 P
0.000000000000000000e+00	0.000000000000000000e+00	1.070929899999999987e-04
4.016063999999999745e-03	9.853066600000000008e-01	7.259278270000000741e-03
8.032129000000000699e-03	9.926350889999999705e-01	1.442416701000000072e-02
1.204819300000000044e-02	9.951021580000000144e-01	2.160176038000000132e-02
1.606425699999999845e-02	9.963402780000000236e-01	2.879205890000000045e-02
2.008032100000000167e-02	9.970846150000000074e-01	3.599506245999999771e-02
2.409638600000000089e-02	9.975814450000000111e-01	4.321077033000000206e-02
2.811245000000000063e-02	9.979366149999999713e-01	5.043918107999999928e-02
3.212851399999999691e-02	9.982031500000000390e-01	5.768029262000000379e-02
3.614457799999999665e-02	9.984105439999999554e-01	6.493410219999999622e-02
4.016064300000000281e-02	9.985765130000000545e-01	7.220060635000000171e-02
4.417670700000000256e-02	9.987123399999999762e-01	7.947980088000000665e-02
4.819277100000000230e-02	9.988255499999999509e-01	8.677168091999999666e-02
5.220883500000000205e-02	9.989213580000000370e-01	9.407624082000000387e-02
5.622490000000000127e-02	9.990034869999999678e-01	1.013934742300000025e-01
6.024096400000000101e-02	9.990746719999999970e-01	1.087233739899999968e-01
6.425702799999999382e-02	9.991369610000000456e-01	1.160659322200000010e-01
6.827309199999999356e-02	9.991919240000000091e-01	1.234211402200000030e-01
7.228915700000000666e-02	9.992407810000000223e-01	1.307889884900000077e-01
7.630522100000000640e-02	9.992844939999999676e-01	1.381694667499999973e-01
8.032128500000000615e-02	9.993238349999999937e-01	1.455625638399999922e-01
8.433734900000000589e-02	9.993594279999999941e-01	1.529682678100000026e-01
8.835341400000000511e-02	9.993917829999999780e-01	1.603865658299999941e-01
9.236947800000000486e-02	9.994213229999999726e-01	1.678174442099999997e-01
9.638554200000000460e-02	9.994484000000000146e-01	1.752608883600000056e-01
1.004016060000000043e-01	9.994733080000000047e-01	1.827168828000000078e-01
1.044176710000000036e-01	9.994962979999999497e-01	1.901854111499999833e-01
1.084337350000000033e-01	9.995175819999999600e-01	1.976664560799999970e-01
1.124497990000000031e-01	9.995373440000000498e-01	2.051599993200000083e-01
1.164658630000000028e-01	9.995557409999999976e-01	2.126660216500000089e-01
1.204819280000000020e-01	9.995729089999999539e-01	2.201845028600000198e-01
1.244979920000000018e-01	9.995889669999999949e-01	2.277154217700000094e-01
1.285140559999999876e-01	9.996040189999999548e-01	2.352587561599999988e-01
1.325301200000000013e-01	9.996181560000000355e-01	2.428144828099999819e-01
1.365461849999999866e-01	9.996314600000000272e-01	2.503825774599999776e-01
1.405622490000000002e-01	9.996440009999999488e-01	2.579630147600000534e-01
1.445783130000000138e-01	9.996558429999999884e-01	2.655557683299999971e-01
1.485943779999999992e-01	9.996670420000000057e-01	2.731608106599999752e-01
1.526104420000000128e-01	9.996776499999999732e-01	2.807781131599999536e-01
1.566265059999999987e-01	9.996877119999999506e-01	2.884076460900000249e-01
1.606425700000000123e-01	9.996972689999999995e-01	2.960493785700000213e-01
1.646586349999999976e-01	9.997063569999999899e-01	3.037032785600000118e-01
1.686746990000000113e-01	9.997150099999999595e-01	3.113693128400000232e-01
1.726907629999999971e-01	9.997232590000000307e-01	3.190474469900000387e-01
1.767068270000000108e-01	9.997311309999999951e-01	3.267376453699999961e-01
1.807228919999999961e-01	9.997386510000000337e-01	3.344398710900000071e-01
1.847389560000000097e-01	9.997458420000000512e-01	3.421540860200000256e-01
1.887550199999999956e-01	9.997527250000000087e-01	3.498802507300000086e-01
1.927710840000000092e-01	9.997593190000000352e-01	3.576183245299999758e-01
1.967871489999999945e-01	9.997656419999999544e-01	3.653682653900000021e-01
2.008032130000000082e-01	9.997717099999999801e-01	3.731300299299999956e-01
2.048192769999999940e-01	9.997775380000000212e-01	3.809035734500000325e-01
2.088353410000000077e-01	9.997831409999999863e-01	3.886888498400000169e-01
2.128514059999999930e-01	9.997885300000000086e-01	3.964858115999999599e-01
2.168674700000000066e-01	9.997937169999999707e-01	4.042944098099999772e-01
2.208835339999999925e-01	9.997987149999999490e-01	4.121145941300000115e-01
2.248995980000000061e-01	9.998035320000000503e-01	4.199463127399999940e-01
2.289156629999999915e-01	9.998081779999999918e-01	4.277895123199999539e-01
2.329317270000000051e-01	9.998126619999999631e-01	4.356441380800000207e-01
2.369477909999999909e-01	9.998169919999999600e-01	4.435101336700000285e-01
2.409638550000000046e-01	9.998211769999999499e-01	4.513874412100000177e-01
2.449799199999999899e-01	9.998252220000000134e-01	4.592760012400000647e-01
2.489959840000000035e-01	9.998291360000000072e-01	4.671757526900000568e-01
2.530120479999999894e-01	9.998329230000000400e-01	4.750866328999999721e-01
2.570281119999999753e-01	9.998365900000000250e-01	4.830085775300000384e-01
2.610441769999999884e-01	9.998401430000000145e-01	4.909415206100000151e-01
2.650602409999999742e-01	9.998435869999999781e-01	4.988853944600000201e-01
2.690763050000000156e-01	9.998469260000000247e-01	5.068401296800000289e-01
2.730923690000000015e-01	9.998501659999999847e-01	5.148056551399999847e-01
2.771084340000000146e-01	9.998533099999999951e-01	5.227818979500000740e-01
2.811244980000000004e-01	9.998563620000000540e-01	5.307687834200000010e-01
2.851405619999999863e-01	9.998593270000000199e-01	5.387662350499999864e-01
2.891566269999999994e-01	9.998622080000000301e-01	5.467741745099999884e-01
2.931726909999999853e-01	9.998650089999999713e-01	5.547925215900000318e-01
2.971887550000000267e-01	9.998677320000000091e-01	5.628211942000000967e-01
3.012048190000000125e-01	9.998703820000000020e-01	5.708601083000000020e-01
3.052208840000000256e-01	9.998729600000000328e-01	5.789091779799999671e-01
3.092369480000000115e-01	9.998754699999999884e-01	5.869683152999999320e-01
3.132530119999999974e-01	9.998779129999999515e-01	5.950374303400000064e-01
3.172690759999999832e-01	9.998802940000000028e-01	6.031164311500000208e-01
3.212851409999999963e-01	9.998826130000000312e-01	6.112052237399999699e-01
3.253012049999999822e-01	9.998848740000000346e-01	6.193037120400000095e-01
3.293172690000000236e-01	9.998870789999999564e-01	6.274117978400000073e-01
3.333333330000000094e-01	9.998892280000000188e-01	6.355293808500001029e-01
3.373493980000000225e-01	9.998913249999999975e-01	6.436563585799999210e-01
3.413654620000000084e-01	9.998933719999999470e-01	6.517926263700000167e-01
3.453815259999999943e-01	9.998953689999999783e-01	6.599380773200000938e-01
3.493975899999999801e-01	9.998973190000000066e-01	6.680926022900000039e-01
3.534136549999999932e-01	9.998992239999999754e-01	6.762560898799999665e-01
3.574297189999999791e-01	9.999010839999999956e-01	6.844284263500000076e-01
3.614457830000000205e-01	9.999029010000000106e-01	6.926094956399999614e-01
3.654618470000000063e-01	9.999046780000000467e-01	7.007991793300000216e-01
3.694779120000000194e-01	9.999064140000000211e-01	7.089973565999999616e-01
3.734939760000000053e-01	9.999081119999999601e-01	7.172039041800000181e-01
3.775100399999999912e-01	9.999097719999999745e-01	7.254186963800000054e-01
3.815261039999999770e-01	9.999113960000000079e-01	7.336416049900000846e-01
3.855421689999999901e-01	9.999129839999999492e-01	7.418724993099999887e-01
3.895582329999999760e-01	9.999145390000000466e-01	7.501112460500000134e-01
3.935742970000000174e-01	9.999160609999999672e-01	7.583577093800000224e-01
3.975903610000000032e-01	9.999175500000000438e-01	7.666117508399999947e-01
4.016064260000000163e-01	9.999190089999999698e-01	7.748732293199999122e-01
4.056224900000000022e-01	9.999204369999999953e-01	7.831420010399999798e-01
4.096385539999999881e-01	9.999218359999999528e-01	7.914179195100000674e-01
4.136546179999999739e-01	9.999232070000000361e-01	7.997008355000000401e-01
4.176706829999999870e-01	9.999245500000000231e-01	8.079905970199999787e-01
4.216867469999999729e-01	9.999258659999999965e-01	8.162870492500000630e-01
4.257028110000000143e-01	9.999271560000000392e-01	8.245900345400000164e-01
4.297188760000000274e-01	9.999284210000000117e-01	8.328993923899999929e-01
4.337349400000000132e-01	9.999296610000000252e-01	8.412149593600000141e-01
4.377510039999999991e-01	9.999308770000000512e-01	8.495365691099999728e-01
4.417670679999999850e-01	9.999320699999999507e-01	8.578640523100000692e-01
4.457831329999999981e-01	9.999332399999999454e-01	8.661972366100000320e-01
4.497991969999999839e-01	9.999343880000000073e-01	8.745359466600000076e-01
4.538152610000000253e-01	9.999355140000000253e-01	8.828800039999999960e-01
4.578313250000000112e-01	9.999366200000000537e-01	8.912292271000000765e-01
4.618473900000000243e-01	9.999377050000000100e-01	8.995834312600000660e-01
4.658634540000000102e-01	9.999387699999999768e-01	9.079424286299999647e-01
4.698795179999999960e-01	9.999398160000000368e-01	9.163060281299999499e-01
4.738955819999999819e-01	9.999408429999999681e-01	9.246740354500000425e-01
4.779116469999999950e-01	9.999418509999999927e-01	9.330462530099999929e-01
4.819277109999999809e-01	9.999428409999999712e-01	9.414224799100000540e-01
4.859437750000000222e-01	9.999438139999999864e-01	9.498025118899999786e-01
4.899598390000000081e-01	9.999447700000000383e-01	9.581861413200000177e-01
4.939759040000000212e-01	9.999457090000000159e-01	9.665731571699999192e-01
4.979919680000000071e-01	9.999466320000000019e-01	9.749633449299999199e-01
5.020080319999999929e-01	9.999475380000000246e-01	9.833564866100000801e-01
5.060240959999999788e-01	9.999484299999999992e-01	9.917523607099999472e-01
5.100401610000000474e-01	9.999493059999999822e-01	1.000150742159999995e+00
5.140562250000000333e-01	9.999501669999999454e-01	1.008551402290000176e+00
5.180722890000000191e-01	9.999510139999999714e-01	1.016954108820000036e+00
5.220883530000000050e-01	9.999518469999999493e-01	1.025358625780000033e+00
5.261044179999999626e-01	9.999526650000000183e-01	1.033764713520000100e+00
5.301204819999999485e-01	9.999534709999999826e-01	1.042172128640000084e+00
5.341365460000000454e-01	9.999542630000000099e-01	1.050580623959999960e+00
5.381526100000000312e-01	9.999550419999999606e-01	1.058989948480000054e+00
5.421686749999999888e-01	9.999558079999999460e-01	1.067399847409999936e+00
5.461847389999999747e-01	9.999565620000000488e-01	1.075810061999999956e+00
5.502008029999999605e-01	9.999573040000000468e-01	1.084220329620000145e+00
5.542168669999999464e-01	9.999580350000000228e-01	1.092630383679999984e+00
5.582329320000000150e-01	9.999587530000000335e-01	1.101039953550000172e+00
5.622489960000000009e-01	9.999594600000000222e-01	1.109448764599999970e+00
5.662650599999999868e-01	9.999601559999999889e-01	1.117856538140000078e+00
5.702811239999999726e-01	9.999608420000000164e-01	1.126262991340000186e+00
5.742971890000000412e-01	9.999615160000000502e-01	1.134667837230000087e+00
5.783132530000000271e-01	9.999621800000000338e-01	1.143070784640000115e+00
5.823293170000000130e-01	9.999628339999999671e-01	1.151471538190000032e+00
5.863453819999999705e-01	9.999634779999999612e-01	1.159869798209999914e+00
5.903614459999999564e-01	9.999641120000000161e-01	1.168265260709999920e+00
5.943775100000000533e-01	9.999647360000000207e-01	1.176657617379999854e+00
5.983935740000000392e-01	9.999653520000000295e-01	1.185046555490000042e+00
6.024096389999999968e-01	9.999659570000000164e-01	1.193431757869999998e+00
6.064257029999999826e-01	9.999665540000000075e-01	1.201812902869999977e+00
6.104417669999999685e-01	9.999671420000000310e-01	1.210189664340000082e+00
6.144578309999999544e-01	9.999677209999999761e-01	1.218561711509999812e+00
6.184738960000000230e-01	9.999682909999999536e-01	1.226928709040000065e+00
6.224899600000000088e-01	9.999688540000000181e-01	1.235290316880000017e+00
6.265060239999999947e-01	9.999694080000000040e-01	1.243646190290000009e+00
6.305220879999999806e-01	9.999699539999999942e-01	1.251995979770000211e+00
6.345381530000000492e-01	9.999704919999999886e-01	1.260339330980000172e+00
6.385542170000000350e-01	9.999710219999999872e-01	1.268675884709999924e+00
6.425702810000000209e-01	9.999715439999999900e-01	1.277005276840000203e+00
6.465863450000000068e-01	9.999720589999999687e-01	1.285327138209999998e+00
6.506024099999999644e-01	9.999725670000000344e-01	1.293641094719999884e+00
6.546184739999999502e-01	9.999730679999999650e-01	1.301946767070000011e+00
6.586345380000000471e-01	9.999735610000000108e-01	1.310243770800000096e+00
6.626506020000000330e-01	9.999740480000000042e-01	1.318531716210000093e+00
6.666666669999999906e-01	9.999745270000000019e-01	1.326810208289999959e+00
6.706827309999999764e-01	9.999749999999999472e-01	1.335078846650000095e+00
6.746987949999999623e-01	9.999754669999999512e-01	1.343337225410000002e+00
6.787148589999999482e-01	9.999759270000000422e-01	1.351584933130000055e+00
6.827309240000000168e-01	9.999763799999999980e-01	1.359821552749999940e+00
6.867469880000000026e-01	9.999768279999999843e-01	1.368046661450000201e+00
6.907630519999999885e-01	9.999772689999999464e-01	1.376259830590000011e+00
6.947791159999999744e-01	9.999777039999999673e-01	1.384460625580000048e+00
6.987951810000000430e-01	9.999781330000000468e-01	1.392648605790000049e+00
7.028112450000000289e-01	9.999785570000000456e-01	1.400823324400000125e+00
7.068273090000000147e-01	9.999789740000000204e-01	1.408984328289999866e+00
7.108433730000000006e-01	9.999793860000000256e-01	1.417131157930000107e+00
7.148594379999999582e-01	9.999797929999999502e-01	1.425263347210000031e+00
7.188755020000000551e-01	9.999801940000000444e-01	1.433380423240000034e+00
7.228915660000000409e-01	9.999805899999999470e-01	1.441481906279999947e+00
7.269076309999999985e-01	9.999809800000000193e-01	1.449567309510000124e+00
7.309236949999999844e-01	9.999813650000000109e-01	1.457636138849999874e+00
7.349397589999999703e-01	9.999817460000000047e-01	1.465687892729999886e+00
7.389558229999999561e-01	9.999821209999999461e-01	1.473722061930000216e+00
7.429718880000000247e-01	9.999824910000000289e-01	1.481738129290000039e+00
7.469879520000000106e-01	9.999828570000000028e-01	1.489735569490000078e+00
7.510040159999999965e-01	9.999832180000000070e-01	1.497713848730000130e+00
7.550200799999999823e-01	9.999835740000000417e-01	1.505672424609999949e+00
7.590361450000000509e-01	9.999839249999999957e-01	1.513610745580000083e+00
7.630522090000000368e-01	9.999842719999999519e-01	1.521528250740000088e+00
7.670682730000000227e-01	9.999846150000000211e-01	1.529424369460000044e+00
7.710843370000000085e-01	9.999849530000000097e-01	1.537298521030000087e+00
7.751004019999999661e-01	9.999852870000000005e-01	1.545150114159999921e+00
7.791164659999999520e-01	9.999856169999999933e-01	1.552978546609999899e+00
7.831325300000000489e-01	9.999859420000000165e-01	1.560783204679999869e+00
7.871485940000000348e-01	9.999862640000000136e-01	1.568563462700000022e+00
7.911646589999999923e-01	9.999865810000000410e-01	1.576318682450000175e+00
7.951807229999999782e-01	9.999868950000000423e-01	1.584048212630000174e+00
7.991967869999999641e-01	9.999872039999999629e-01	1.591751388160000058e+00
8.032128509999999499e-01	9.999875099999999684e-01	1.599427529520000002e+00
8.072289160000000185e-01	9.999878119999999759e-01	1.607075942030000038e+00
8.112449800000000044e-01	9.999881109999999573e-01	1.614695915049999986e+00
8.152610439999999903e-01	9.999884049999999691e-01	1.622286721150000055e+00
8.192771079999999762e-01	9.999886970000000375e-01	1.629847615210000100e+00
8.232931730000000448e-01	9.999889840000000252e-01	1.637377833479999989e+00
8.273092370000000306e-01	9.999892689999999584e-01	1.644876592549999961e+00
8.313253010000000165e-01	9.999895490000000331e-01	1.652343088270000093e+00
8.353413650000000024e-01	9.999898270000000533e-01	1.659776494610000208e+00
8.393574299999999599e-01	9.999901009999999646e-01	1.667175962429999991e+00
8.433734939999999458e-01	9.999903719999999607e-01	1.674540618290000227e+00
8.473895580000000427e-01	9.999906410000000134e-01	1.681869562960000009e+00
8.514056220000000286e-01	9.999909049999999855e-01	1.689161870139999966e+00
8.554216869999999862e-01	9.999911670000000141e-01	1.696416584920000137e+00
8.594377509999999720e-01	9.999914260000000166e-01	1.703632722340000072e+00
8.634538149999999579e-01	9.999916829999999646e-01	1.710809265800000034e+00
8.674698800000000265e-01	9.999919360000000257e-01	1.717945165479999980e+00
8.714859440000000124e-01	9.999921859999999496e-01	1.725039336829999881e+00
8.755020079999999982e-01	9.999924340000000411e-01	1.732090658950000028e+00
8.795180719999999841e-01	9.999926799999999671e-01	1.739097973210000037e+00
8.835341370000000527e-01	9.999929220000000063e-01	1.746060081800000052e+00
8.875502010000000386e-01	9.999931619999999910e-01	1.752975746670000001e+00
8.915662650000000244e-01	9.999934000000000323e-01	1.759843688559999952e+00
8.955823290000000103e-01	9.999936360000000191e-01	1.766662586539999857e+00
8.995983939999999679e-01	9.999938689999999797e-01	1.773431078080000001e+00
9.036144579999999538e-01	9.999940999999999969e-01	1.780147759819999953e+00
9.076305220000000507e-01	9.999943289999999596e-01	1.786811189380000053e+00
9.116465860000000365e-01	9.999945559999999789e-01	1.793419888559999897e+00
9.156626509999999941e-01	9.999947810000000548e-01	1.799972348289999857e+00
9.196787149999999800e-01	9.999950039999999651e-01	1.806467036069999921e+00
9.236947789999999658e-01	9.999952260000000148e-01	1.812902406680000134e+00
9.277108429999999517e-01	9.999954460000000100e-01	1.819276917240000069e+00
9.317269080000000203e-01	9.999956650000000336e-01	1.825589048289999905e+00
9.357429720000000062e-01	9.999958829999999743e-01	1.831837332900000170e+00
9.397590359999999921e-01	9.999961000000000544e-01	1.838020396950000190e+00
9.437750999999999779e-01	9.999963160000000517e-01	1.844137014810000030e+00
9.477911650000000465e-01	9.999965320000000490e-01	1.850186186860000026e+00
9.518072290000000324e-01	9.999967480000000464e-01	1.856167248049999996e+00
9.558232930000000183e-01	9.999969650000000154e-01	1.862080021859999990e+00
9.598393570000000041e-01	9.999971819999999845e-01	1.867925042040000205e+00
9.638554219999999617e-01	9.999974019999999797e-01	1.873703878080000162e+00
9.678714859999999476e-01	9.999976240000000294e-01	1.879419625369999958e+00
9.718875500000000445e-01	9.999978499999999659e-01	1.885077666800000218e+00
9.759036140000000303e-01	9.999980809999999831e-01	1.890686905210000157e+00
9.799196789999999879e-01	9.999983220000000506e-01	1.896261864730000024e+00
9.839357429999999738e-01	9.999985740000000289e-01	1.901826532630000122e+00
9.879518069999999597e-01	9.999988450000000251e-01	1.907422094980000260e+00
9.919678709999999455e-01	9.999991459999999499e-01	1.913124910179999860e+00
9.959839360000000141e-01	9.999995019999999846e-01	1.919099583079999949e+00
1.000000000000000000e+00	1.000000000000000000e+00	1.925868995889999935e+00
