# # x1	 y1	 P
0.000000000000000000e+00	0.000000000000000000e+00	7.712976000000001215e-05
4.016063999999999745e-03	9.873715929999999918e-01	6.083097330000000399e-03
8.032129000000000699e-03	9.936812449999999908e-01	1.210830243000000049e-02
1.204819300000000044e-02	9.958023870000000111e-01	1.815281239999999921e-02
1.606425699999999845e-02	9.968663330000000489e-01	2.421669429000000012e-02
2.008032100000000167e-02	9.975057720000000128e-01	3.030001484000000023e-02
2.409638600000000089e-02	9.979325030000000263e-01	3.640284045000000135e-02
2.811245000000000063e-02	9.982375199999999893e-01	4.252523720000000312e-02
3.212851399999999691e-02	9.984663919999999804e-01	4.866727079999999539e-02
3.614457799999999665e-02	9.986444639999999540e-01	5.482900657999999899e-02
4.016064300000000281e-02	9.987869569999999753e-01	6.101050949999999723e-02
4.417670700000000256e-02	9.989035630000000499e-01	6.721184406999999861e-02
4.819277100000000230e-02	9.990007469999999667e-01	7.343307441000000713e-02
5.220883500000000205e-02	9.990829850000000345e-01	7.967426419000001037e-02
5.622490000000000127e-02	9.991534779999999838e-01	8.593547660000000477e-02
6.024096400000000101e-02	9.992145730000000503e-01	9.221677436000000339e-02
6.425702799999999382e-02	9.992680299999999738e-01	9.851821968000000485e-02
6.827309199999999356e-02	9.993151970000000439e-01	1.048398742499999925e-01
7.228915700000000666e-02	9.993571199999999877e-01	1.111817992300000030e-01
7.630522100000000640e-02	9.993946270000000354e-01	1.175440552099999980e-01
8.032128500000000615e-02	9.994283800000000051e-01	1.239267021800000146e-01
8.433734900000000589e-02	9.994589149999999478e-01	1.303297995499999862e-01
8.835341400000000511e-02	9.994866709999999932e-01	1.367534060900000015e-01
9.236947800000000486e-02	9.995120090000000346e-01	1.431975799200000121e-01
9.638554200000000460e-02	9.995352330000000229e-01	1.496623784999999984e-01
1.004016060000000043e-01	9.995565939999999650e-01	1.561478585799999930e-01
1.044176710000000036e-01	9.995763090000000517e-01	1.626540762099999982e-01
1.084337350000000033e-01	9.995945590000000491e-01	1.691810866600000074e-01
1.124497990000000031e-01	9.996115030000000123e-01	1.757289444800000100e-01
1.164658630000000028e-01	9.996272739999999546e-01	1.822977033900000099e-01
1.204819280000000020e-01	9.996419899999999803e-01	1.888874163000000272e-01
1.244979920000000018e-01	9.996557529999999803e-01	1.954981352899999858e-01
1.285140559999999876e-01	9.996686519999999909e-01	2.021299115500000132e-01
1.325301200000000013e-01	9.996807669999999701e-01	2.087827953800000247e-01
1.365461849999999866e-01	9.996921650000000215e-01	2.154568361400000243e-01
1.405622490000000002e-01	9.997029079999999457e-01	2.221520822599999945e-01
1.445783130000000138e-01	9.997130520000000464e-01	2.288685811500000278e-01
1.485943779999999992e-01	9.997226430000000219e-01	2.356063792399999968e-01
1.526104420000000128e-01	9.997317270000000144e-01	2.423655219000000194e-01
1.566265059999999987e-01	9.997403419999999485e-01	2.491460534199999854e-01
1.606425700000000123e-01	9.997485229999999445e-01	2.559480169900000268e-01
1.646586349999999976e-01	9.997563019999999856e-01	2.627714546600000145e-01
1.686746990000000113e-01	9.997637069999999460e-01	2.696164073300000297e-01
1.726907629999999971e-01	9.997707649999999502e-01	2.764829146500000223e-01
1.767068270000000108e-01	9.997774990000000139e-01	2.833710150800000105e-01
1.807228919999999961e-01	9.997839309999999591e-01	2.902807457800000157e-01
1.847389560000000097e-01	9.997900809999999971e-01	2.972121426100000074e-01
1.887550199999999956e-01	9.997959659999999804e-01	3.041652400900000108e-01
1.927710840000000092e-01	9.998016029999999832e-01	3.111400713799999940e-01
1.967871489999999945e-01	9.998070070000000253e-01	3.181366681800000262e-01
2.008032130000000082e-01	9.998121920000000440e-01	3.251550607700000040e-01
2.048192769999999940e-01	9.998171710000000045e-01	3.321952779299999770e-01
2.088353410000000077e-01	9.998219560000000117e-01	3.392573469199999803e-01
2.128514059999999930e-01	9.998265579999999764e-01	3.463412934200000293e-01
2.168674700000000066e-01	9.998309869999999488e-01	3.534471414800000599e-01
2.208835339999999925e-01	9.998352520000000077e-01	3.605749135299999852e-01
2.248995980000000061e-01	9.998393629999999810e-01	3.677246303000000216e-01
2.289156629999999915e-01	9.998433260000000322e-01	3.748963107700000186e-01
2.329317270000000051e-01	9.998471509999999896e-01	3.820899721400000115e-01
2.369477909999999909e-01	9.998508430000000446e-01	3.893056298100000534e-01
2.409638550000000046e-01	9.998544099999999712e-01	3.965432972899999853e-01
2.449799199999999899e-01	9.998578569999999610e-01	4.038029861699999890e-01
2.489959840000000035e-01	9.998611910000000380e-01	4.110847061000000302e-01
2.530120479999999894e-01	9.998644169999999498e-01	4.183884647000000179e-01
2.570281119999999753e-01	9.998675390000000274e-01	4.257142675700000267e-01
2.610441769999999884e-01	9.998705629999999900e-01	4.330621181600000091e-01
2.650602409999999742e-01	9.998734940000000293e-01	4.404320177899999633e-01
2.690763050000000156e-01	9.998763339999999777e-01	4.478239655699999822e-01
2.730923690000000015e-01	9.998790889999999987e-01	4.552379583700000287e-01
2.771084340000000146e-01	9.998817610000000355e-01	4.626739907200000390e-01
2.811244980000000004e-01	9.998843549999999469e-01	4.701320548100000329e-01
2.851405619999999863e-01	9.998868730000000093e-01	4.776121404199999976e-01
2.891566269999999994e-01	9.998893199999999704e-01	4.851142348399999915e-01
2.931726909999999853e-01	9.998916970000000237e-01	4.926383228500000322e-01
2.971887550000000267e-01	9.998940079999999453e-01	5.001843866399999783e-01
3.012048190000000125e-01	9.998962550000000116e-01	5.077524057800000268e-01
3.052208840000000256e-01	9.998984410000000267e-01	5.153423571199999831e-01
3.092369480000000115e-01	9.999005669999999624e-01	5.229542147600000357e-01
3.132530119999999974e-01	9.999026380000000103e-01	5.305879499799999177e-01
3.172690759999999832e-01	9.999046529999999766e-01	5.382435312100000147e-01
3.212851409999999963e-01	9.999066159999999703e-01	5.459209239100000222e-01
3.253012049999999822e-01	9.999085290000000459e-01	5.536200905499999436e-01
3.293172690000000236e-01	9.999103929999999529e-01	5.613409905399999733e-01
3.333333330000000094e-01	9.999122099999999680e-01	5.690835801600000465e-01
3.373493980000000225e-01	9.999139820000000345e-01	5.768478124900000559e-01
3.413654620000000084e-01	9.999157100000000131e-01	5.846336373499999572e-01
3.453815259999999943e-01	9.999173949999999866e-01	5.924410012399999870e-01
3.493975899999999801e-01	9.999190399999999812e-01	6.002698472599999890e-01
3.534136549999999932e-01	9.999206459999999685e-01	6.081201150399999644e-01
3.574297189999999791e-01	9.999222140000000314e-01	6.159917406900000669e-01
3.614457830000000205e-01	9.999237439999999477e-01	6.238846566900000390e-01
3.654618470000000063e-01	9.999252389999999657e-01	6.317987918699999872e-01
3.694779120000000194e-01	9.999266999999999461e-01	6.397340712900000392e-01
3.734939760000000053e-01	9.999281269999999999e-01	6.476904161900000068e-01
3.775100399999999912e-01	9.999295219999999595e-01	6.556677439300000465e-01
3.815261039999999770e-01	9.999308860000000188e-01	6.636659678599999834e-01
3.855421689999999901e-01	9.999322200000000382e-01	6.716849973199999768e-01
3.895582329999999760e-01	9.999335240000000180e-01	6.797247374999999536e-01
3.935742970000000174e-01	9.999347990000000408e-01	6.877850893900000484e-01
3.975903610000000032e-01	9.999360470000000500e-01	6.958659496800000399e-01
4.016064260000000163e-01	9.999372680000000457e-01	7.039672107200000140e-01
4.056224900000000022e-01	9.999384629999999996e-01	7.120887604100000212e-01
4.096385539999999881e-01	9.999396329999999944e-01	7.202304821100000698e-01
4.136546179999999739e-01	9.999407780000000301e-01	7.283922545700000084e-01
4.176706829999999870e-01	9.999418989999999674e-01	7.365739518599999647e-01
4.216867469999999729e-01	9.999429970000000001e-01	7.447754432800000046e-01
4.257028110000000143e-01	9.999440720000000171e-01	7.529965932300000109e-01
4.297188760000000274e-01	9.999451259999999619e-01	7.612372612000000149e-01
4.337349400000000132e-01	9.999461579999999739e-01	7.694973016400000754e-01
4.377510039999999991e-01	9.999471699999999963e-01	7.777765638500000467e-01
4.417670679999999850e-01	9.999481609999999465e-01	7.860748919400000201e-01
4.457831329999999981e-01	9.999491329999999900e-01	7.943921247299999822e-01
4.497991969999999839e-01	9.999500850000000440e-01	8.027280956300000270e-01
4.538152610000000253e-01	9.999510190000000520e-01	8.110826325900000189e-01
4.578313250000000112e-01	9.999519350000000140e-01	8.194555579600000250e-01
4.618473900000000243e-01	9.999528330000000409e-01	8.278466884599999798e-01
4.658634540000000102e-01	9.999537130000000218e-01	8.362558350300000054e-01
4.698795179999999960e-01	9.999545770000000111e-01	8.446828027899999647e-01
4.738955819999999819e-01	9.999554250000000089e-01	8.531273908800000028e-01
4.779116469999999950e-01	9.999562560000000433e-01	8.615893924299999895e-01
4.819277109999999809e-01	9.999570719999999469e-01	8.700685944499999547e-01
4.859437750000000222e-01	9.999578730000000526e-01	8.785647776900000760e-01
4.899598390000000081e-01	9.999586590000000275e-01	8.870777166200000119e-01
4.939759040000000212e-01	9.999594299999999825e-01	8.956071792300001055e-01
4.979919680000000071e-01	9.999601870000000003e-01	9.041529271000000589e-01
5.020080319999999929e-01	9.999609310000000528e-01	9.127147151100000189e-01
5.060240959999999788e-01	9.999616599999999744e-01	9.212922914700000243e-01
5.100401610000000474e-01	9.999623770000000134e-01	9.298853975599999933e-01
5.140562250000000333e-01	9.999630809999999759e-01	9.384937679099999430e-01
5.180722890000000191e-01	9.999637719999999730e-01	9.471171299899999729e-01
5.220883530000000050e-01	9.999644509999999764e-01	9.557552042200000431e-01
5.261044179999999626e-01	9.999651179999999862e-01	9.644077038000000712e-01
5.301204819999999485e-01	9.999657730000000022e-01	9.730743346600000399e-01
5.341365460000000454e-01	9.999664160000000246e-01	9.817547953199999844e-01
5.381526100000000312e-01	9.999670480000000250e-01	9.904487768100000977e-01
5.421686749999999888e-01	9.999676690000000034e-01	9.991559626099999480e-01
5.461847389999999747e-01	9.999682800000000427e-01	1.007876028479999908e+00
5.502008029999999605e-01	9.999688799999999489e-01	1.016608642410000041e+00
5.542168669999999464e-01	9.999694690000000552e-01	1.025353464539999981e+00
5.582329320000000150e-01	9.999700489999999720e-01	1.034110147000000035e+00
5.622489960000000009e-01	9.999706179999999778e-01	1.042878333879999841e+00
5.662650599999999868e-01	9.999711780000000161e-01	1.051657661100000141e+00
5.702811239999999726e-01	9.999717280000000041e-01	1.060447756320000101e+00
5.742971890000000412e-01	9.999722690000000247e-01	1.069248238849999977e+00
5.783132530000000271e-01	9.999728009999999667e-01	1.078058719560000212e+00
5.823293170000000130e-01	9.999733240000000523e-01	1.086878800779999876e+00
5.863453819999999705e-01	9.999738379999999482e-01	1.095708076199999992e+00
5.903614459999999564e-01	9.999743439999999595e-01	1.104546130799999970e+00
5.943775100000000533e-01	9.999748410000000032e-01	1.113392540770000050e+00
5.983935740000000392e-01	9.999753300000000511e-01	1.122246873360000174e+00
6.024096389999999968e-01	9.999758100000000205e-01	1.131108686859999990e+00
6.064257029999999826e-01	9.999762829999999658e-01	1.139977530489999946e+00
6.104417669999999685e-01	9.999767480000000264e-01	1.148852944299999956e+00
6.144578309999999544e-01	9.999772059999999518e-01	1.157734459100000057e+00
6.184738960000000230e-01	9.999776559999999925e-01	1.166621596369999958e+00
6.224899600000000088e-01	9.999780980000000374e-01	1.175513868199999923e+00
6.265060239999999947e-01	9.999785340000000300e-01	1.184410777159999872e+00
6.305220879999999806e-01	9.999789620000000268e-01	1.193311816300000050e+00
6.345381530000000492e-01	9.999793829999999994e-01	1.202216468979999897e+00
6.385542170000000350e-01	9.999797980000000308e-01	1.211124208880000053e+00
6.425702810000000209e-01	9.999802049999999554e-01	1.220034499849999898e+00
6.465863450000000068e-01	9.999806060000000496e-01	1.228946795900000222e+00
6.506024099999999644e-01	9.999810009999999805e-01	1.237860541080000099e+00
6.546184739999999502e-01	9.999813889999999983e-01	1.246775169449999998e+00
6.586345380000000471e-01	9.999817720000000465e-01	1.255690104979999999e+00
6.626506020000000330e-01	9.999821479999999596e-01	1.264604761510000008e+00
6.666666669999999906e-01	9.999825180000000424e-01	1.273518542640000195e+00
6.706827309999999764e-01	9.999828819999999618e-01	1.282430841720000103e+00
6.746987949999999623e-01	9.999832400000000510e-01	1.291341041739999973e+00
6.787148589999999482e-01	9.999835919999999767e-01	1.300248515289999851e+00
6.827309240000000168e-01	9.999839390000000439e-01	1.309152624490000028e+00
6.867469880000000026e-01	9.999842810000000304e-01	1.318052720939999922e+00
6.907630519999999885e-01	9.999846169999999645e-01	1.326948145630000075e+00
6.947791159999999744e-01	9.999849469999999574e-01	1.335838228909999925e+00
6.987951810000000430e-01	9.999852729999999523e-01	1.344722290390000019e+00
7.028112450000000289e-01	9.999855930000000059e-01	1.353599638910000014e+00
7.068273090000000147e-01	9.999859079999999789e-01	1.362469572470000001e+00
7.108433730000000006e-01	9.999862189999999540e-01	1.371331378130000056e+00
7.148594379999999582e-01	9.999865239999999877e-01	1.380184331970000011e+00
7.188755020000000551e-01	9.999868250000000236e-01	1.389027699029999896e+00
7.228915660000000409e-01	9.999871200000000071e-01	1.397860733179999926e+00
7.269076309999999985e-01	9.999874109999999927e-01	1.406682677090000055e+00
7.309236949999999844e-01	9.999876979999999804e-01	1.415492762139999972e+00
7.349397589999999703e-01	9.999879799999999985e-01	1.424290208289999971e+00
7.389558229999999561e-01	9.999882580000000187e-01	1.433074223990000062e+00
7.429718880000000247e-01	9.999885309999999583e-01	1.441844006089999963e+00
7.469879520000000106e-01	9.999888000000000110e-01	1.450598739719999974e+00
7.510040159999999965e-01	9.999890649999999548e-01	1.459337598120000079e+00
7.550200799999999823e-01	9.999893250000000400e-01	1.468059742529999934e+00
7.590361450000000509e-01	9.999895819999999880e-01	1.476764321999999963e+00
7.630522090000000368e-01	9.999898339999999664e-01	1.485450473230000012e+00
7.670682730000000227e-01	9.999900830000000296e-01	1.494117320360000001e+00
7.710843370000000085e-01	9.999903279999999839e-01	1.502763974750000120e+00
7.751004019999999661e-01	9.999905690000000513e-01	1.511389534729999928e+00
7.791164659999999520e-01	9.999908060000000098e-01	1.519993085310000103e+00
7.831325300000000489e-01	9.999910389999999705e-01	1.528573697880000193e+00
7.871485940000000348e-01	9.999912690000000159e-01	1.537130429880000149e+00
7.911646589999999923e-01	9.999914949999999525e-01	1.545662324380000063e+00
7.951807229999999782e-01	9.999917179999999739e-01	1.554168409679999918e+00
7.991967869999999641e-01	9.999919369999999974e-01	1.562647698819999986e+00
8.032128509999999499e-01	9.999921529999999947e-01	1.571099189049999900e+00
8.072289160000000185e-01	9.999923649999999942e-01	1.579521861209999933e+00
8.112449800000000044e-01	9.999925739999999674e-01	1.587914679140000063e+00
8.152610439999999903e-01	9.999927800000000255e-01	1.596276588859999901e+00
8.192771079999999762e-01	9.999929829999999464e-01	1.604606517849999969e+00
8.232931730000000448e-01	9.999931819999999805e-01	1.612903374080000063e+00
8.273092370000000306e-01	9.999933789999999600e-01	1.621166045050000060e+00
8.313253010000000165e-01	9.999935720000000527e-01	1.629393396710000053e+00
8.353413650000000024e-01	9.999937629999999800e-01	1.637584272230000026e+00
8.393574299999999599e-01	9.999939500000000203e-01	1.645737490660000191e+00
8.433734939999999458e-01	9.999941350000000062e-01	1.653851845520000197e+00
8.473895580000000427e-01	9.999943169999999659e-01	1.661926103179999892e+00
8.514056220000000286e-01	9.999944960000000105e-01	1.669959001110000063e+00
8.554216869999999862e-01	9.999946720000000289e-01	1.677949245979999837e+00
8.594377509999999720e-01	9.999948459999999928e-01	1.685895511590000062e+00
8.634538149999999579e-01	9.999950170000000416e-01	1.693796436670000016e+00
8.674698800000000265e-01	9.999951849999999531e-01	1.701650622420000092e+00
8.714859440000000124e-01	9.999953510000000323e-01	1.709456629980000031e+00
8.755020079999999982e-01	9.999955139999999743e-01	1.717212977630000026e+00
8.795180719999999841e-01	9.999956749999999728e-01	1.724918137890000036e+00
8.835341370000000527e-01	9.999958340000000279e-01	1.732570534469999979e+00
8.875502010000000386e-01	9.999959899999999458e-01	1.740168539100000134e+00
8.915662650000000244e-01	9.999961440000000312e-01	1.747710468309999987e+00
8.955823290000000103e-01	9.999962959999999512e-01	1.755194580179999964e+00
8.995983939999999679e-01	9.999964449999999561e-01	1.762619071270000060e+00
9.036144579999999538e-01	9.999965929999999892e-01	1.769982073730000049e+00
9.076305220000000507e-01	9.999967379999999961e-01	1.777281652859999950e+00
9.116465860000000365e-01	9.999968820000000314e-01	1.784515805459999882e+00
9.156626509999999941e-01	9.999970230000000404e-01	1.791682459160000018e+00
9.196787149999999800e-01	9.999971629999999667e-01	1.798779473449999999e+00
9.236947789999999658e-01	9.999972999999999779e-01	1.805804642990000097e+00
9.277108429999999517e-01	9.999974360000000173e-01	1.812755704289999992e+00
9.317269080000000203e-01	9.999975709999999740e-01	1.819630347060000153e+00
9.357429720000000062e-01	9.999977039999999873e-01	1.826426232370000013e+00
9.397590359999999921e-01	9.999978349999999461e-01	1.833141020320000036e+00
9.437750999999999779e-01	9.999979650000000442e-01	1.839772411360000026e+00
9.477911650000000465e-01	9.999980939999999485e-01	1.846318207429999969e+00
9.518072290000000324e-01	9.999982219999999922e-01	1.852776401760000136e+00
9.558232930000000183e-01	9.999983500000000358e-01	1.859145311550000068e+00
9.598393570000000041e-01	9.999984769999999967e-01	1.865423775180000021e+00
9.638554219999999617e-01	9.999986029999999859e-01	1.871611449760000045e+00
9.678714859999999476e-01	9.999987299999999468e-01	1.877709269030000128e+00
9.718875500000000445e-01	9.999988579999999905e-01	1.883720167749999952e+00
9.759036140000000303e-01	9.999989879999999776e-01	1.889650270600000237e+00
9.799196789999999879e-01	9.999991209999999908e-01	1.895510941860000020e+00
9.839357429999999738e-01	9.999992580000000020e-01	1.901322563789999975e+00
9.879518069999999597e-01	9.999994039999999806e-01	1.907122188900000070e+00
9.919678709999999455e-01	9.999995630000000357e-01	1.912981385790000211e+00
9.959839360000000141e-01	9.999997470000000499e-01	1.919059021380000063e+00
1.000000000000000000e+00	1.000000000000000000e+00	1.925868995889999935e+00
