# T/K	P/bar	rhoL/g/cm3	rhoV/g/cm3	ift/mN/m
175	0.0365	1.6827	0.0003	21.4050
176	0.0399	1.6795	0.0003	21.2440
177	0.0436	1.6762	0.0004	21.0830
178	0.0475	1.6730	0.0004	20.9230
179	0.0517	1.6697	0.0004	20.7620
180	0.0563	1.6665	0.0005	20.6020
181	0.0612	1.6632	0.0005	20.4420
182	0.0664	1.6600	0.0005	20.2820
183	0.0720	1.6567	0.0006	20.1230
184	0.0780	1.6535	0.0006	19.9630
185	0.0844	1.6502	0.0007	19.8040
186	0.0912	1.6469	0.0007	19.6460
187	0.0985	1.6437	0.0008	19.4870
188	0.1062	1.6404	0.0008	19.3290
189	0.1145	1.6371	0.0009	19.1710
190	0.1233	1.6338	0.0009	19.0130
191	0.1326	1.6305	0.0010	18.8550
192	0.1425	1.6272	0.0011	18.6980
193	0.1531	1.6239	0.0012	18.5410
194	0.1642	1.6206	0.0012	18.3840
195	0.1760	1.6173	0.0013	18.2280
196	0.1885	1.6139	0.0014	18.0710
197	0.2017	1.6106	0.0015	17.9150
198	0.2157	1.6073	0.0016	17.7600
199	0.2305	1.6039	0.0017	17.6040
200	0.2460	1.6005	0.0018	17.4490
201	0.2624	1.5972	0.0019	17.2940
202	0.2797	1.5938	0.0020	17.1390
203	0.2980	1.5904	0.0022	16.9850
204	0.3171	1.5871	0.0023	16.8310
205	0.3373	1.5837	0.0024	16.6770
206	0.3584	1.5803	0.0026	16.5230
207	0.3807	1.5768	0.0027	16.3700
208	0.4040	1.5734	0.0029	16.2170
209	0.4285	1.5700	0.0030	16.0640
210	0.4542	1.5666	0.0032	15.9120
211	0.4811	1.5631	0.0034	15.7590
212	0.5092	1.5597	0.0036	15.6070
213	0.5387	1.5562	0.0038	15.4560
214	0.5695	1.5527	0.0040	15.3040
215	0.6016	1.5492	0.0042	15.1530
216	0.6353	1.5457	0.0044	15.0020
217	0.6704	1.5422	0.0046	14.8520
218	0.7070	1.5387	0.0048	14.7020
219	0.7452	1.5352	0.0051	14.5520
220	0.7850	1.5317	0.0053	14.4020
221	0.8265	1.5281	0.0056	14.2530
222	0.8698	1.5246	0.0059	14.1040
223	0.9147	1.5210	0.0062	13.9550
224	0.9615	1.5174	0.0065	13.8070
225	1.0102	1.5138	0.0068	13.6580
226	1.0608	1.5102	0.0071	13.5110
227	1.1133	1.5066	0.0074	13.3630
228	1.1679	1.5029	0.0078	13.2160
229	1.2246	1.4993	0.0081	13.0690
230	1.2833	1.4956	0.0085	12.9220
231	1.3443	1.4920	0.0089	12.7760
232	1.4075	1.4883	0.0093	12.6300
233	1.4730	1.4846	0.0097	12.4850
234	1.5408	1.4809	0.0101	12.3390
235	1.6111	1.4771	0.0105	12.1940
236	1.6838	1.4734	0.0110	12.0500
237	1.7590	1.4696	0.0114	11.9050
238	1.8368	1.4659	0.0119	11.7610
239	1.9172	1.4621	0.0124	11.6180
240	2.0004	1.4582	0.0129	11.4740
241	2.0863	1.4544	0.0134	11.3320
242	2.1750	1.4506	0.0140	11.1890
243	2.2666	1.4467	0.0146	11.0470
244	2.3611	1.4428	0.0151	10.9050
245	2.4586	1.4389	0.0157	10.7630
246	2.5592	1.4350	0.0163	10.6220
247	2.6629	1.4311	0.0170	10.4810
248	2.7698	1.4271	0.0176	10.3410
249	2.8800	1.4232	0.0183	10.2010
250	2.9934	1.4192	0.0190	10.0610
251	3.1103	1.4152	0.0197	9.9214
252	3.2306	1.4111	0.0205	9.7824
253	3.3544	1.4071	0.0212	9.6438
254	3.4818	1.4030	0.0220	9.5055
255	3.6128	1.3989	0.0228	9.3677
256	3.7475	1.3948	0.0236	9.2302
257	3.8860	1.3906	0.0245	9.0931
258	4.0284	1.3864	0.0254	8.9564
259	4.1747	1.3822	0.0263	8.8202
260	4.3250	1.3780	0.0272	8.6843
261	4.4793	1.3738	0.0281	8.5488
262	4.6377	1.3695	0.0291	8.4137
263	4.8004	1.3652	0.0301	8.2791
264	4.9673	1.3609	0.0312	8.1448
265	5.1385	1.3565	0.0322	8.0110
266	5.3142	1.3521	0.0333	7.8776
267	5.4943	1.3477	0.0344	7.7447
268	5.6790	1.3432	0.0356	7.6122
269	5.8684	1.3388	0.0368	7.4801
270	6.0624	1.3343	0.0380	7.3484
271	6.2612	1.3297	0.0393	7.2173
272	6.4649	1.3251	0.0405	7.0865
273	6.6735	1.3205	0.0419	6.9563
274	6.8871	1.3159	0.0432	6.8265
275	7.1058	1.3112	0.0446	6.6971
276	7.3296	1.3065	0.0461	6.5683
277	7.5587	1.3017	0.0475	6.4399
278	7.7931	1.2969	0.0491	6.3120
279	8.0329	1.2920	0.0506	6.1846
280	8.2782	1.2872	0.0522	6.0577
281	8.5290	1.2822	0.0539	5.9314
282	8.7855	1.2773	0.0556	5.8055
283	9.0477	1.2722	0.0573	5.6801
284	9.3157	1.2672	0.0591	5.5553
285	9.5896	1.2620	0.0609	5.4310
286	9.8694	1.2569	0.0628	5.3073
287	10.1550	1.2517	0.0648	5.1841
288	10.4470	1.2464	0.0668	5.0615
289	10.7460	1.2411	0.0688	4.9394
290	11.0500	1.2357	0.0709	4.8179
291	11.3610	1.2302	0.0731	4.6970
292	11.6790	1.2247	0.0753	4.5767
293	12.0030	1.2191	0.0776	4.4570
294	12.3330	1.2135	0.0800	4.3379
295	12.6710	1.2078	0.0824	4.2194
296	13.0150	1.2020	0.0849	4.1016
297	13.3670	1.1962	0.0875	3.9844
298	13.7250	1.1902	0.0902	3.8678
299	14.0900	1.1842	0.0929	3.7520
300	14.4630	1.1782	0.0957	3.6368
301	14.8430	1.1720	0.0986	3.5223
302	15.2300	1.1657	0.1016	3.4085
303	15.6250	1.1594	0.1047	3.2955
304	16.0280	1.1529	0.1079	3.1831
305	16.4380	1.1463	0.1112	3.0716
306	16.8560	1.1397	0.1146	2.9608
307	17.2830	1.1329	0.1181	2.8508
308	17.7170	1.1260	0.1217	2.7416
309	18.1590	1.1190	0.1255	2.6332
310	18.6100	1.1118	0.1294	2.5257
311	19.0690	1.1046	0.1334	2.4190
312	19.5360	1.0971	0.1375	2.3132
313	20.0130	1.0896	0.1419	2.2084
314	20.4980	1.0818	0.1464	2.1045
315	20.9920	1.0739	0.1510	2.0016
316	21.4950	1.0658	0.1559	1.8997
317	22.0070	1.0575	0.1609	1.7988
318	22.5280	1.0490	0.1662	1.6990
319	23.0590	1.0402	0.1716	1.6003
320	23.6000	1.0313	0.1774	1.5027
321	24.1500	1.0220	0.1834	1.4064
322	24.7110	1.0125	0.1897	1.3113
323	25.2810	1.0026	0.1963	1.2175
324	25.8620	0.9924	0.2032	1.1251
325	26.4540	0.9818	0.2106	1.0341
326	27.0560	0.9708	0.2184	0.9446
327	27.6700	0.9593	0.2267	0.8567
328	28.2940	0.9472	0.2355	0.7705
329	28.9310	0.9345	0.2450	0.6861
330	29.5790	0.9211	0.2553	0.6037
331	30.2390	0.9068	0.2664	0.5234
332	30.9120	0.8914	0.2786	0.4453
333	31.5990	0.8747	0.2922	0.3699
334	32.2990	0.8564	0.3075	0.2972
335	33.0130	0.8357	0.3251	0.2279
336	33.7430	0.8118	0.3460	0.1624
337	34.4890	0.7826	0.3723	0.1017
338	35.2530	0.7429	0.4093	0.0474
339	36.0400	0.6598	0.4892	0.0044
339.173	36.1770	0.5736	0.5736	0.0000